398
3238
813
2833
2487
4827
198
920
994
3012
681
2225
4002
1677
4622
447
2037
865
2303
1224
3218
4336
4413
1607
4712
678
4222
3286
3930
4141
4139
3121
4962
598
2171
1094
2744
2712
4359
1871
4139
4005
3275
3844
109
1928
3489
725
5000
1780
953
2012
1045
772
2605
1063
3825
4206
3122
1809
605
1912
1991
1854
3874
2561
2263
3404
4506
3528
2703
4325
1507
432
2085
4214
1062
570
1498
2784
2190
3498
3287
2150
3188
2128
2076
4190
2994
1109
2269
3539
4591
2550
1266
2227
2014
1421
4970
2549
4666
85
1220
1472
4077
1629
505
614
3687
3391
2
3256
2709
338
4620
2108
3625
4841
3666
1746
485
3074
411
3397
1259
4165
4735
3958
4166
4858
2201
4641
601
3950
3119
2106
2278
1816
3073
1560
1623
1463
503
4603
1108
4014
830
4253
2931
4158
3603
2173
2756
3224
2065
1592
4674
2823
214
4913
1894
1548
1448
3830
1191
361
2656
3759
2220
2514
4831
1810
1768
2106
124
4022
2571
809
2289
2245
3335
482
1028
8
1256
28
1885
2377
1885
1527
2432
4455
1603
3161
4666
76
16
1674
3412
747
1359
2071
2033
417
4328
1793
406
650
3101
3043
4022
3866
534
2969
1578
1413
521
1440
2575
1164
3477
279
1875
694
83
376
208
3608
2440
48
4007
898
2397
1542
886
1264
3449
611
680
4463
4622
1235
4276
3842
2505
3567
3921
3634
1583
3254
4556
3576
4100
2249
2271
1081
197
1340
335
3953
1586
1799
3210
3054
4037
3125
1469
3992
2083
315
2964
4910
760
3112
1542
2242
1004
3033
3189
1516
1455
1574
2025
4186
492
431
1798
149
4272
4806
1067
2110
277
1728
2878
2824
3026
1223
4805
4381
2098
4930
1551
1269
291
4647
2816
988
707
30
77
2165
3151
3819
2499
12
4774
4024
2562
3606
1327
1320
4721
2278
4248
855
4634
4033
235
3718
4217
4782
3228
3809
4418
1526
24
757
3896
846
2616
811
4442
4242
4729
3903
3959
1458
4230
2866
3051
4002
3661
1200
3055
778
209
4274
2021
4437
13
3783
754
1989
814
296
3937
4343
4401
973
4988
4018
129
1716
991
517
1878
479
2549
345
1896
3176
4804
2369
668
216
1121
2029
754
3640
1317
751
3736
4460
833
3833
57
2454
3429
4434
4967
4616
2057
3257
2879
4034
3873
1945
209
2538
3900
4730
1725
1677
2541
1838
3980
3386
1322
599
4175
1908
3589
761
4656
4238
282
669
884
2158
460
4425
2051
3115
379
2280
1119
1547
4491
1634
1343
4176
1820
3217
4740
1588
4026
2060
1919
3996
4853
1672
1132
2831
259
3059
1028
1297
3601
3641
3752
3204
1062
3052
2079
4476
2680
3611
1299
261
719
2434
3895
4688
4256
5000
89
373
1022
3069
213
3223
3751
1888
2305
3789
3294
4220
2857
2320
1253
4823
2946
851
2882
3139
3114
3769
1138
265
3909
415
762
1658
3278
2420
2777
1444
3575
260
2970
655
276
533
3428
530
4454
4175
747
3291
1183
3460
754
3979
4009
896
4488
3045
1806
1118
1886
1321
4236
757
4161
4798
2462
2093
3611
4886
1012
1850
646
2598
4350
599
4548
2414
2423
2353
3685
3940
3022
2848
4083
449
4662
1783
2650
2382
2932
4732
4638
2457
3374
1650
1420
4519
1373
3630
3069
2362
565
862
2279
4333
2815
3157
4629
3411
1349
2074
623
4454
2434
2946
3299
1388
1674
3712
137
679
4443
1229
1954
1280
2212
3189
4224
2701
4179
29
1042
3794
4284
1324
3376
2161
569
4750
2635
1505
2154
4240
1034
858
4110
184
24
428
3351
32
2846
2661
3493
2390
2919
4336
3908
999
2122
4627
3934
1929
4232
1320
1033
1829
171
1111
4571
1139
819
1924
1078
3633
3526
204
195
1096
2171
2028
3165
3796
4350
4148
2184
3382
301
1894
3405
4041
3253
4571
2629
3009
2571
225
8
4715
4826
2281
14
3914
858
2213
4213
922
1584
4861
3865
2715
4141
2813
3829
94
1462
138
2580
85
4136
2652
1529
3277
2706
531
2887
1249
4295
3070
1062
3301
196
481
1270
4890
2014
4251
2938
2137
4935
1263
1798
441
3030
690
4900
440
742
2535
1547
2434
2646
4924
580
2175
753
1738
1209
328
4327
2965
1627
3515
3799
565
2519
3661
1543
3940
3081
2212
2200
443
151
2873
854
1089
247
2016
631
2447
508
1761
1524
3629
655
273
4901
4096
4137
277
3043
2611
2811
1970
4637
3284
1642
2465
3172
1240
3898
1803
4455
4335
234
2203
4774
2708
1321
4665
1491
4193
4697
1880
2457
4867
1991
171
4910
2247
3760
2447
4803
2805
4170
4590
2633
3181
3237
2570
4447
2783
3845
4392
3550
3706
2306
2189
3396
3453
500
2194
2776
4472
3786
3850
2915
931
4513
4771
1293
1471
2556
925
2481
1451
2000
1651
166
644
4570
1594
4472
3751
218
3709
349
305
3331
3752
2562
4803
1776
1457
1748
1566
4672
332
4019
320
1675
1702
3668
3466
1277
2977
227
2920
1912
2100
1707
655
2024
2752
3883
3907
2723
4025
4255
77
3502
2610
2601
762
2209
1491
4696
1099
4178
915
1779
1669
2633
4846
3969
2869
2926
1006
2474
2242
3482
2429
3394
1231
2046
1907
2779
4024
2574
2842
3843
648
1078
3942
1819
4066
4101
2907
1258
4787
3281
4129
3743
998
321
39
3023
2179
3783
1015
981
1718
1551
2013
1596
1073
4217
1370
3716
303
3713
673
3525
1337
2072
1132
591
3691
3027
4904
3768
20
4748
2688
3962
4353
3687
2397
911
2008
3885
601
241
1560
1861
2125
4097
4065
2347
747
4849
2731
4192
955
1075
2608
605
2406
3926
4190
4448
4332
4153
3880
2248
962
1970
3864
3051
2243
2387
1821
460
1708
1418
3112
432
1966
4476
4947
2036
1527
1345
2280
55
1037
829
3794
